background
0.0 0.0 0.0 0.0 0.0 0.0 0.0 0.0 0.0 0.0
0.0 0.0 0.0 0.0 0.0 0.0 0.0 0.0 0.0 0.0
0.0 0.0 0.0 0.0 0.0 0.0 0.0 0.0 0.0 0.0
0.0 0.0 0.0 0.0 0.0 0.0 0.0 0.0 0.0 0.0
0.0 0.0 0.0 0.0 0.0 0.0 0.0 0.0 0.0 0.0
0.0 0.0 0.0 0.0 0.0 0.0 0.0 0.0 0.0 0.0
0.0 0.0 0.0 0.0 0.0 0.0 0.0 0.0 0.0 0.0
0.0 0.0 0.0 0.0 0.0 0.0 0.0 0.0 0.0 0.0
0.0 0.0 0.0 0.0 0.0 0.0 0.0 0.0 0.0 0.0
0.0 0.0 0.0 0.0 0.0 0.0 0.0 0.0 0.0 0.0

t1_normal
0.0 0.0 0.0 0.01 0.01 0.02 0.02 0.02 0.03 0.02
0.02 0.015 0.02 0.1 0.15 0.2 0.3 0.5 0.8 1.0
0.2 0.21 0.19 0.15 0.09 0.03 0.0 0.0 0.0 0.0
0.01 0.01 0.02 0.02 0.03 0.02 0.03 0.03 0.05 0.1
0.15 0.18 0.21 0.2 0.2 0.21 0.18 0.19 0.2 0.2
0.18 0.17 0.16 0.12 0.08 0.07 0.05 0.04 0.06 0.09
0.13 0.1 0.08 0.09 0.09 0.08 0.09 0.15 0.28 0.4
0.59 0.8 0.83 0.93 0.91 0.87 0.83 0.78 0.74 0.68
0.6 0.5 0.33 0.2 0.15 0.14 0.13 0.12 0.11 0.09
0.08 0.09 0.11 0.13 0.1 0.09 0.03 0.01 0.0 0.0

t1_c1
0.0 0.0 0.0 0.01 0.01 0.02 0.02 0.02 0.03 0.02
0.02 0.021 0.022 0.2 0.18 0.2 0.3 0.5 0.8 1.0
0.2 0.21 0.19 0.15 0.09 0.03 0.0 0.0 0.0 0.0
0.01 0.01 0.02 0.02 0.01 0.0 0.0 0.03 0.05 0.1
0.15 0.18 0.21 0.2 0.2 0.21 0.18 0.19 0.2 0.2
0.18 0.17 0.16 0.12 0.08 0.07 0.05 0.04 0.06 0.09
0.13 0.1 0.08 0.09 0.09 0.08 0.09 0.15 0.28 0.4
0.59 0.8 0.83 0.9 0.95 0.86 0.81 0.78 0.74 0.68
0.6 0.5 0.33 0.2 0.15 0.14 0.13 0.12 0.11 0.09
0.08 0.09 0.11 0.13 0.1 0.09 0.03 0.01 0.0 0.0

t1_c2
0.0 0.0 0.0 0.01 0.01 0.02 0.02 0.02 0.03 0.02
0.02 0.015 0.02 0.04 0.07 0.1 0.2 0.3 0.69 1.0
0.29 0.21 0.19 0.15 0.09 0.03 0.0 0.0 0.0 0.02
0.01 0.01 0.02 0.02 0.03 0.02 0.03 0.03 0.05 0.1
0.15 0.18 0.21 0.2 0.2 0.19 0.18 0.19 0.18 0.19
0.18 0.17 0.16 0.12 0.08 0.07 0.05 0.04 0.06 0.09
0.13 0.1 0.08 0.09 0.09 0.08 0.09 0.15 0.28 0.4
0.59 0.8 0.84 0.91 0.9 0.88 0.86 0.81 0.74 0.68
0.6 0.5 0.33 0.2 0.15 0.14 0.13 0.12 0.11 0.09
0.08 0.09 0.11 0.13 0.1 0.09 0.03 0.01 0.0 0.01

t2_normal
0.0 0.0 0.0 0.0 0.01 0.019 0.02 0.02 0.025 0.025
0.023 0.02 0.021 0.22 0.25 0.28 0.31 0.48 0.81 1.0
0.23 0.21 0.17 0.12 0.1 0.08 0.06 0.02 0.01 0.05
0.08 0.09 0.1 0.12 0.13 0.12 0.13 0.13 0.15 0.2
0.19 0.18 0.2 0.21 0.22 0.23 0.21 0.19 0.16 0.15
0.13 0.14 0.16 0.12 0.18 0.17 0.15 0.14 0.16 0.19
0.14 0.13 0.1 0.09 0.12 0.14 0.16 0.23 0.28 0.34
0.43 0.59 0.73 0.88 0.93 0.87 0.8 0.68 0.24 0.38
0.3 0.31 0.33 0.25 0.21 0.18 0.13 0.12 0.1 0.09
0.08 0.09 0.03 0.03 0.01 0.03 0.01 0.0 0.0 0.0

t2_c1
0.0 0.0 0.0 0.0 0.04 0.019 0.02 0.02 0.025 0.025
0.023 0.02 0.021 0.22 0.25 0.38 0.41 0.58 0.91 1.0
0.33 0.21 0.17 0.12 0.1 0.08 0.06 0.02 0.01 0.05
0.08 0.09 0.1 0.12 0.13 0.12 0.13 0.13 0.15 0.2
0.19 0.18 0.2 0.21 0.22 0.23 0.21 0.19 0.16 0.15
0.13 0.14 0.16 0.12 0.18 0.17 0.15 0.14 0.16 0.19
0.14 0.13 0.1 0.09 0.06 0.04 0.06 0.13 0.23 0.34
0.43 0.69 0.83 0.88 0.93 0.89 0.81 0.38 0.34 0.31
0.3 0.31 0.33 0.25 0.21 0.18 0.13 0.12 0.1 0.09
0.08 0.09 0.03 0.03 0.01 0.03 0.02 0.1 0.0 0.0

t2_c2
0.0 0.01 0.0 0.0 0.01 0.019 0.02 0.02 0.025 0.035
0.033 0.028 0.021 0.22 0.25 0.38 0.64 0.82 0.91 1.0
0.53 0.31 0.17 0.12 0.1 0.08 0.06 0.02 0.01 0.09
0.1 0.11 0.12 0.13 0.14 0.13 0.12 0.11 0.15 0.2
0.19 0.18 0.2 0.21 0.22 0.23 0.21 0.19 0.16 0.15
0.13 0.14 0.16 0.12 0.18 0.17 0.15 0.14 0.16 0.19
0.14 0.13 0.12 0.09 0.1 0.12 0.16 0.23 0.28 0.34
0.53 0.69 0.83 0.91 0.95 0.92 0.88 0.78 0.64 0.48
0.3 0.31 0.33 0.25 0.21 0.18 0.13 0.12 0.1 0.09
0.08 0.09 0.03 0.03 0.01 0.03 0.05 0.2 0.0 0.0
